96.4
88.7
44.1
89.5
72.1
70.0
66.1
56.7
48.1
100.0
100.0
93.1
94.4
86.3
97.8
77.3
87.5
64.6
84.0
89.2
75.3
100.0
100.0
100.0
97.2
97.7
55.8
95.3
79.5
96.6
87.9
70.9
86.1
89.4
99.4
79.5
40.1
96.4
88.7
44.1
89.5
72.1
70.0
66.1
56.7
48.1
100.0
100.0
93.1
94.4
86.3
97.8
77.3
57.5
84.6
84.0
89.2
75.3
70.0
80.0
100.0
67.2
47.7
95.8
85.3
79.5
76.6
97.9
80.9
96.1
89.4
49.4
59.5
60.1
96.4
88.7
44.1
89.5
72.1
70.0
66.1
56.7
48.1
100.0
100.0
93.1
94.4
86.3
97.8
77.3
87.5
64.6
84.0
79.2
95.3
100.0
100.0
100.0
97.2
97.7
85.8
75.3
99.5
36.6
47.9
70.9
86.1
79.4
99.4
59.5
40.1